1 1465 1080 2091 1680 1272 1885 6060 6573
2 1323 935 2159 1800 1130 1980 5817 6768
5 1423 1253 1962 1793 1342 1877 6130 6565
6 1346 1193 1950 1796 1270 1873 5956 6660
7 928 506 1958 1508 717 1732 5505 6420
8 1905 1546 1521 1161 1725 1347 6412 6135
9 1850 1535 1542 1227 1692 1385 6480 6072
10 1556 1317 1451 1230 1436 1340 6123 6128
11 2229 1960 1207 941 2095 1075 6881 5761
12 2125 1850 1198 910 1988 1054 6675 5840
13 2495 2077 1217 800 2285 1010 7072 5695
14 1562 1149 1960 1535 1356 1750 6042 6535